-0.249374 -0.249374 0.0317927 0.0317927 0 0 0 0
-0.193348 -0.230699 0.21937 0.0943185 0 0 0 0
-0.0374953 -0.182398 0.119937 0.100723 0 0 0 0
-0.194854 -0.184889 0.392981 0.159175 0 0 0 0
0.00142004 -0.153838 0.383302 0.196529 0 0 0 0
-0.362946 -0.18371 0.504472 0.240521 0 0 0 0
-0.134749 -0.17759 0.396767 0.260052 0 0 0 0
-0.378003 -0.199858 0.212492 0.254767 0 0 0 0
-0.524299 -0.232302 0.452226 0.274513 0 0 0 0
-0.536344 -0.259942 0.417949 0.287553 0 0 0 0
-0.155737 -0.251259 0.622846 0.315494 0 0 0 0
-0.630458 -0.280428 0.467335 0.327174 0 0 0 0
-0.725544 -0.312222 0.71894 0.355157 0 0 0 0
-0.504169 -0.325018 0.880592 0.390186 0 0 0 0
-0.509118 -0.336525 0.963583 0.426024 0 0 0 0
-0.766883 -0.36184 1.05652 0.463112 0 0 0 0
-0.664606 -0.37866 0.966061 0.491053 0 0 0 0
-0.90148 -0.406177 1.15884 0.5262 0 0 0 0
-0.578341 -0.414785 1.3213 0.565955 0 0 0 0
-0.750059 -0.430751 1.13598 0.593099 0 0 0 0
-0.612014 -0.43899 1.41334 0.630383 0 0 0 0
-0.61205 -0.446514 1.57786 0.671577 0 0 0 0
-0.860323 -0.463756 1.25117 0.695727 0 0 0 0
-0.93896 -0.482764 1.36266 0.722405 0 0 0 0
-0.77888 -0.494153 1.4148 0.749035 0 0 0 0
-0.860172 -0.50771 1.79683 0.787842 0 0 0 0
-0.791602 -0.517849 1.93985 0.828985 0 0 0 0
-1.02425 -0.535311 1.70122 0.859062 0 0 0 0
-1.23689 -0.558697 1.71864 0.887715 0 0 0 0
-0.989928 -0.572608 1.64687 0.912204 0 0 0 0
-1.26207 -0.594153 1.74631 0.93827 0 0 0 0
-1.1514 -0.611039 1.79311 0.964174 0 0 0 0
-1.52561 -0.637938 2.2894 1.00315 0 0 0 0
-1.43206 -0.660627 2.03145 1.03253 0 0 0 0
-1.31605 -0.678833 2.30559 1.06789 0 0 0 0
-1.23119 -0.693762 2.38825 1.10358 0 0 0 0
-1.44753 -0.713598 2.19268 1.13224 0 0 0 0
-1.35813 -0.730125 2.38923 1.16447 0 0 0 0
-1.54102 -0.750397 2.69458 1.20272 0 0 0 0
-1.43778 -0.767162 2.33914 1.23044 0 0 0 0
-1.55048 -0.785813 2.54262 1.26168 0 0 0 0
-1.5225 -0.802945 2.71948 1.29558 0 0 0 0
-1.6438 -0.822055 2.66067 1.32661 0 0 0 0
-1.89422 -0.845881 2.65755 1.35619 0 0 0 0
-1.79742 -0.866567 3.01144 1.39217 0 0 0 0
-1.79145 -0.886245 3.16999 1.43 0 0 0 0
-1.71423 -0.903495 2.91278 1.46089 0 0 0 0
-2.04551 -0.926801 3.13365 1.49503 0 0 0 0
-1.92405 -0.946746 2.90177 1.52316 0 0 0 0
-1.86012 -0.964656 3.1874 1.55579 0 0 0 0
-2.17625 -0.987955 3.47479 1.5927 0 0 0 0
-2.21921 -1.01119 3.51756 1.62901 0 0 0 0
-1.98355 -1.02919 3.28152 1.65962 0 0 0 0
-2.15672 -1.04969 3.23019 1.68817 0 0 0 0
-1.92669 -1.06535 3.60159 1.72234 0 0 0 0
-2.37338 -1.0883 3.76363 1.75815 0 0 0 0
-2.07916 -1.10539 3.68102 1.79131 0 0 0 0
-2.43432 -1.12791 3.54395 1.82101 0 0 0 0
-2.1614 -1.14514 3.75763 1.85329 0 0 0 0
-2.53222 -1.16787 3.83696 1.88581 0 0 0 0
-2.28399 -1.18588 3.8528 1.91753 0 0 0 0
-2.55021 -1.20753 3.99937 1.95058 0 0 0 0
-2.38888 -1.22599 4.15793 1.98507 0 0 0 0
-2.40904 -1.24419 4.08265 2.01734 0 0 0 0
-2.74849 -1.26698 4.0939 2.0488 0 0 0 0
-2.43266 -1.28438 3.99255 2.07781 0 0 0 0
-2.63149 -1.30419 4.37149 2.11154 0 0 0 0
-2.71689 -1.32467 4.15734 2.14119 0 0 0 0
-2.49533 -1.34139 4.63069 2.17676 0 0 0 0
-2.73523 -1.36102 4.40799 2.20818 0 0 0 0
-2.81414 -1.3812 4.48749 2.23984 0 0 0 0
-2.66651 -1.39881 4.52344 2.27112 0 0 0 0
-2.90195 -1.41912 4.56595 2.30213 0 0 0 0
-2.67851 -1.43592 4.6439 2.33336 0 0 0 0
-2.84041 -1.4544 4.84364 2.36639 0 0 0 0
-3.152 -1.47644 5.00566 2.40066 0 0 0 0
-2.87028 -1.49431 4.88883 2.43256 0 0 0 0
-3.07955 -1.51438 5.20008 2.46759 0 0 0 0
-3.35627 -1.5374 5.31731 2.50322 0 0 0 0
-3.12371 -1.55699 4.91025 2.53293 0 0 0 0
-3.18434 -1.57683 5.04703 2.56359 0 0 0 0
-3.06848 -1.5948 5.32838 2.5969 0 0 0 0
-3.20119 -1.61393 5.17893 2.62764 0 0 0 0
-3.14892 -1.63199 5.20666 2.65798 0 0 0 0
-3.55504 -1.65435 5.58156 2.69198 0 0 0 0
-3.49297 -1.67548 5.74553 2.72708 0 0 0 0
-3.54696 -1.69675 5.50816 2.75868 0 0 0 0
-3.65987 -1.71881 5.77154 2.79253 0 0 0 0
-3.35269 -1.73696 5.824 2.82621 0 0 0 0
-3.50988 -1.75644 5.90861 2.86009 0 0 0 0
-3.72364 -1.77782 5.67224 2.89065 0 0 0 0
-3.88919 -1.80053 5.6955 2.92081 0 0 0 0
-3.52688 -1.81889 6.15631 2.95523 0 0 0 0
-3.86471 -1.84043 5.8528 2.98573 0 0 0 0
-3.7334 -1.86015 5.86713 3.01575 0 0 0 0
-3.99311 -1.88214 6.15226 3.04808 0 0 0 0
-3.71389 -1.90083 6.33307 3.0816 0 0 0 0
-3.85828 -1.9206 6.09194 3.11201 0 0 0 0
-3.95164 -1.94091 6.22097 3.1431 0 0 0 0
-3.86189 -1.95993 6.33018 3.17466 0 0 0 0
-4.03166 -1.98024 6.36621 3.20595 0 0 0 0
-4.00107 -1.99986 6.58129 3.23872 0 0 0 0
-4.01566 -2.01924 6.4601 3.26969 0 0 0 0
-4.11793 -2.03923 6.92652 3.30452 0 0 0 0
-4.06212 -2.05831 6.9724 3.33912 0 0 0 0
-4.35503 -2.07978 6.74297 3.37093 0 0 0 0
-4.40082 -2.10127 7.13759 3.40581 0 0 0 0
-4.30128 -2.12145 7.20401 3.44066 0 0 0 0
-4.52125 -2.14327 7.08259 3.47376 0 0 0 0
-4.5628 -2.16507 7.05386 3.50602 0 0 0 0
-4.18424 -2.1831 6.92422 3.53654 0 0 0 0
-4.24269 -2.20132 7.11001 3.56816 0 0 0 0
-4.61635 -2.22251 7.41453 3.6019 0 0 0 0
-4.56464 -2.24287 7.19599 3.63315 0 0 0 0
-4.49596 -2.2623 7.46207 3.66616 0 0 0 0
-4.62419 -2.28248 7.45818 3.69857 0 0 0 0
-4.59109 -2.30205 7.60736 3.7317 0 0 0 0
-4.5026 -2.32054 7.7694 3.76563 0 0 0 0
-4.65761 -2.34002 7.78045 3.79908 0 0 0 0
-4.72712 -2.35974 7.67257 3.8311 0 0 0 0
-4.95786 -2.38104 7.91895 3.8646 0 0 0 0
-4.81243 -2.40081 8.06754 3.89877 0 0 0 0
-5.00857 -2.42184 7.77447 3.93003 0 0 0 0
-4.86764 -2.4414 8.09425 3.96334 0 0 0 0
-4.91769 -2.46106 7.98565 3.99527 0 0 0 0
-5.00277 -2.48107 7.91519 4.02613 0 0 0 0
-4.91963 -2.50012 8.24602 4.0591 0 0 0 0
-5.01981 -2.51965 8.35056 4.09237 0 0 0 0
-4.96774 -2.53849 8.14456 4.12354 0 0 0 0
-5.12198 -2.55821 8.56887 4.15747 0 0 0 0
-4.99422 -2.57666 8.50735 4.19042 0 0 0 0
-5.12616 -2.59583 8.28661 4.22122 0 0 0 0
-5.19611 -2.61524 8.81827 4.25553 0 0 0 0
-5.41249 -2.63596 8.6796 4.2883 0 0 0 0
-5.45709 -2.6567 8.54696 4.31961 0 0 0 0
-5.59572 -2.67815 8.95952 4.35348 0 0 0 0
-5.26439 -2.69689 8.96216 4.38688 0 0 0 0
-5.65256 -2.71816 8.81846 4.41876 0 0 0 0
-5.73033 -2.73967 8.7583 4.44976 0 0 0 0
-5.48951 -2.75918 9.195 4.48341 0 0 0 0
-5.57745 -2.77902 9.07413 4.51574 0 0 0 0
-5.68551 -2.79935 9.06437 4.54755 0 0 0 0
-5.69722 -2.81947 9.2306 4.58007 0 0 0 0
-5.89367 -2.84067 9.20652 4.61198 0 0 0 0
-5.641 -2.85985 9.26694 4.64386 0 0 0 0
-5.63666 -2.87874 9.65454 4.67795 0 0 0 0
-5.65333 -2.89749 9.60251 4.71122 0 0 0 0
-5.97997 -2.91818 9.777 4.74522 0 0 0 0
-6.10638 -2.93943 9.40287 4.77627 0 0 0 0
-5.81752 -2.95849 9.69729 4.80886 0 0 0 0
-5.94518 -2.97814 9.97806 4.84287 0 0 0 0
-6.25387 -2.99955 10.0028 4.87659 0 0 0 0
-6.00307 -3.01906 9.79106 4.9085 0 0 0 0
-6.3176 -3.04034 9.94753 4.94101 0 0 0 0
-6.29646 -3.06121 9.90515 4.97284 0 0 0 0
-5.99001 -3.07986 10.1006 5.0055 0 0 0 0
-6.1586 -3.09935 9.94727 5.03677 0 0 0 0
-6.28373 -3.11938 10.1446 5.0689 0 0 0 0
-6.32159 -3.13939 10.4167 5.10232 0 0 0 0
-6.35537 -3.15937 10.2762 5.13446 0 0 0 0
-6.30592 -3.17879 10.4161 5.16706 0 0 0 0
-6.38686 -3.19847 10.4126 5.19924 0 0 0 0
-6.72706 -3.21999 10.6339 5.23238 0 0 0 0
-6.71969 -3.2412 10.6565 5.26525 0 0 0 0
-6.37838 -3.2601 10.6558 5.29773 0 0 0 0
-6.47633 -3.27935 10.7235 5.33022 0 0 0 0
-6.69995 -3.29971 10.9327 5.36356 0 0 0 0
-6.65359 -3.31956 10.7835 5.39563 0 0 0 0
-6.49214 -3.33822 10.9854 5.42852 0 0 0 0
-6.92171 -3.35918 10.9221 5.46064 0 0 0 0
-6.98419 -3.38025 11.1716 5.49385 0 0 0 0
-6.61414 -3.39895 11.171 5.52666 0 0 0 0
-7.11608 -3.42031 11.0949 5.55866 0 0 0 0
-7.14205 -3.44158 11.3146 5.59155 0 0 0 0
-7.14419 -3.46261 11.4835 5.62503 0 0 0 0
-6.81784 -3.48157 11.4234 5.65779 0 0 0 0
-6.92918 -3.50094 11.617 5.69127 0 0 0 0
-7.32266 -3.52229 11.3182 5.7227 0 0 0 0
-7.01605 -3.5417 11.6286 5.75551 0 0 0 0
-7.30122 -3.56247 11.418 5.7868 0 0 0 0
-7.36554 -3.58337 11.7621 5.81963 0 0 0 0
-7.31951 -3.60378 11.6747 5.85162 0 0 0 0
-7.34622 -3.62412 11.9105 5.88455 0 0 0 0
-7.1688 -3.64328 12.0484 5.91787 0 0 0 0
-7.34673 -3.66319 12.0156 5.95066 0 0 0 0
-7.25091 -3.68238 12.2253 5.98421 0 0 0 0
-7.61759 -3.70331 12.1551 6.01703 0 0 0 0
-7.52879 -3.72355 12.0318 6.04886 0 0 0 0
-7.70173 -3.74449 12.3976 6.08227 0 0 0 0
-7.77692 -3.7656 12.2489 6.11456 0 0 0 0
-7.56332 -3.78538 12.2511 6.14652 0 0 0 0
-7.61597 -3.80523 12.2778 6.17829 0 0 0 0
-7.77432 -3.82569 12.2853 6.20977 0 0 0 0
-7.56598 -3.84487 12.3624 6.24132 0 0 0 0
-7.86788 -3.86539 12.7541 6.27455 0 0 0 0
-7.60239 -3.88436 12.8198 6.30777 0 0 0 0
-7.7181 -3.90373 12.7976 6.34055 0 0 0 0
-7.94944 -3.92406 12.9833 6.37393 0 0 0 0
-8.05575 -3.94471 13.0518 6.40732 0 0 0 0
-8.09528 -3.96536 12.8098 6.43917 0 0 0 0
-7.9788 -3.98523 13.2424 6.47285 0 0 0 0
-8.2631 -4.00631 12.8557 6.50429 0 0 0 0
-8.06766 -4.02621 13.0934 6.53659 0 0 0 0
-8.32267 -4.04717 13.0744 6.56849 0 0 0 0
-7.96423 -4.06619 13.1264 6.60032 0 0 0 0
-8.37673 -4.08701 13.1375 6.6319 0 0 0 0
-8.02418 -4.10594 13.1801 6.66338 0 0 0 0
-8.50645 -4.127 13.2344 6.69482 0 0 0 0
-8.4018 -4.14735 13.7274 6.72831 0 0 0 0
-8.4107 -4.16756 13.5514 6.76065 0 0 0 0
-8.17692 -4.18647 13.8186 6.79394 0 0 0 0
-8.42289 -4.20636 13.886 6.82724 0 0 0 0
-8.38323 -4.22588 13.7288 6.85949 0 0 0 0
-8.64042 -4.24641 13.5972 6.89082 0 0 0 0
-8.54721 -4.26632 14.1374 6.92437 0 0 0 0
-8.65065 -4.28652 13.8455 6.95627 0 0 0 0
-8.59722 -4.3063 13.9176 6.9882 0 0 0 0
-8.58799 -4.32585 14.3276 7.02171 0 0 0 0
-8.75225 -4.34597 14.3651 7.05509 0 0 0 0
-9.00641 -4.36706 14.4555 7.08858 0 0 0 0
-8.74922 -4.3868 14.4431 7.12171 0 0 0 0
-8.80166 -4.40659 14.1862 7.15339 0 0 0 0
-9.01884 -4.42719 14.3715 7.18561 0 0 0 0
-9.16786 -4.44825 14.454 7.21791 0 0 0 0
-9.16888 -4.46914 14.64 7.25076 0 0 0 0
-8.82245 -4.48832 14.4074 7.28228 0 0 0 0
-8.88447 -4.5076 14.771 7.31513 0 0 0 0
-8.98426 -4.52715 14.9063 7.34828 0 0 0 0
-9.10493 -4.54705 14.9128 7.38117 0 0 0 0
-9.33862 -4.5678 14.9798 7.41406 0 0 0 0
-9.08605 -4.58727 15.0889 7.44714 0 0 0 0
-9.47447 -4.60825 15.1993 7.48041 0 0 0 0
-9.20774 -4.6279 15.1833 7.51333 0 0 0 0
-9.52727 -4.64875 15.171 7.54592 0 0 0 0
-9.13605 -4.66776 14.9894 7.57746 0 0 0 0
-9.51251 -4.68821 15.0976 7.60919 0 0 0 0
-9.19911 -4.70716 15.4 7.64192 0 0 0 0
-9.58388 -4.72757 15.6162 7.67529 0 0 0 0
-9.58623 -4.74781 15.5673 7.70817 0 0 0 0
-9.70068 -4.76836 15.363 7.73993 0 0 0 0
-9.72973 -4.78886 15.6107 7.77246 0 0 0 0
-9.43886 -4.808 15.4682 7.80413 0 0 0 0
-9.47868 -4.82714 15.7009 7.83649 0 0 0 0
-9.92994 -4.84797 15.936 7.86955 0 0 0 0
-9.92411 -4.8686 16.0972 7.903 0 0 0 0
-9.66206 -4.88801 16.1102 7.93622 0 0 0 0
-9.98468 -4.90856 15.9683 7.96861 0 0 0 0
-10.1281 -4.92952 16.1803 8.00159 0 0 0 0
-10.113 -4.95026 16.0724 8.03387 0 0 0 0
-10.0544 -4.97059 16.4313 8.06733 0 0 0 0
-10.2307 -4.99147 16.126 8.09931 0 0 0 0
-10.1954 -5.01203 16.1888 8.13128 0 0 0 0
-10.2532 -5.03267 16.4402 8.16399 0 0 0 0
-9.92731 -5.05186 16.6645 8.19733 0 0 0 0
-10.3122 -5.07241 16.6498 8.23035 0 0 0 0
-10.1272 -5.09208 16.6534 8.26312 0 0 0 0
-10.0354 -5.11124 16.6177 8.2955 0 0 0 0
-10.0694 -5.13038 16.7871 8.32829 0 0 0 0
-10.4946 -5.15102 16.8382 8.36102 0 0 0 0
-10.3252 -5.17084 16.796 8.39334 0 0 0 0
-10.1785 -5.18995 16.9203 8.42588 0 0 0 0
-10.4007 -5.20977 16.9832 8.45842 0 0 0 0
-10.6024 -5.23019 16.9785 8.49069 0 0 0 0
-10.5949 -5.25044 16.8633 8.52229 0 0 0 0
-10.4124 -5.26984 17.0083 8.55419 0 0 0 0
-10.8149 -5.29061 17.1697 8.58646 0 0 0 0
-10.5946 -5.3104 17.0755 8.61813 0 0 0 0
-10.8312 -5.33092 17.1829 8.64997 0 0 0 0
-10.6478 -5.35062 17.3972 8.68237 0 0 0 0
-10.7079 -5.37039 17.5837 8.71522 0 0 0 0
-10.8294 -5.39045 17.6422 8.74804 0 0 0 0
-10.8917 -5.41061 17.7829 8.78113 0 0 0 0
-10.8339 -5.4304 17.5298 8.81306 0 0 0 0
-10.6953 -5.44954 17.933 8.84622 0 0 0 0
-11.0141 -5.46971 18.0537 8.87959 0 0 0 0
-11.1573 -5.49024 18.0729 8.91277 0 0 0 0
-11.0028 -5.51007 17.911 8.94514 0 0 0 0
-11.0163 -5.5298 18.1093 8.97799 0 0 0 0
-11.3452 -5.55057 17.9628 9.01008 0 0 0 0
-11.2799 -5.57096 18.0888 9.04239 0 0 0 0
-11.0023 -5.59022 18.3051 9.07523 0 0 0 0
-11.1258 -5.60978 18.463 9.1084 0 0 0 0
-11.3332 -5.62994 18.2787 9.14069 0 0 0 0
-11.1181 -5.64919 18.2993 9.17283 0 0 0 0
-11.4159 -5.66936 18.4953 9.20543 0 0 0 0
-11.4732 -5.68958 18.6418 9.2383 0 0 0 0
-11.3173 -5.70912 18.7082 9.27119 0 0 0 0
-11.3603 -5.72867 18.4747 9.30303 0 0 0 0
-11.6699 -5.74916 18.6063 9.33511 0 0 0 0
-11.4698 -5.76882 18.9906 9.36829 0 0 0 0
-11.6661 -5.78901 18.8588 9.40079 0 0 0 0
-11.8353 -5.80965 19.1187 9.43396 0 0 0 0
-11.8285 -5.83012 18.989 9.46646 0 0 0 0
-11.6426 -5.84983 19.0143 9.49883 0 0 0 0
-11.6662 -5.86948 18.9052 9.53061 0 0 0 0
-12.0102 -5.89015 18.9629 9.56236 0 0 0 0
-12.0761 -5.91091 19.1675 9.5946 0 0 0 0
-11.9764 -5.9312 19.4036 9.6274 0 0 0 0
-12.0987 -5.95175 19.3174 9.6597 0 0 0 0
-12.1761 -5.97243 19.5229 9.69247 0 0 0 0
-11.8875 -5.99202 19.3494 9.72445 0 0 0 0
-11.943 -6.01166 19.6229 9.75711 0 0 0 0
-12.0026 -6.03137 19.652 9.78966 0 0 0 0
-12.3208 -6.05199 19.7177 9.82221 0 0 0 0
-12.3852 -6.07268 19.9973 9.85547 0 0 0 0
-12.218 -6.0927 20.06 9.88871 0 0 0 0
-12.1261 -6.11229 19.9055 9.92123 0 0 0 0
-12.19 -6.13196 20.0514 9.95401 0 0 0 0
-12.3839 -6.15213 19.9643 9.9863 0 0 0 0
-12.585 -6.17281 20.2399 10.0193 0 0 0 0
-12.5652 -6.1933 19.9304 10.051 0 0 0 0
-12.5347 -6.21356 20.3572 10.084 0 0 0 0
-12.6238 -6.23397 20.191 10.1162 0 0 0 0
-12.5277 -6.25395 20.0996 10.1478 0 0 0 0
-12.5901 -6.27401 20.4139 10.1803 0 0 0 0
-12.547 -6.29379 20.6043 10.2132 0 0 0 0
-12.6895 -6.31391 20.4649 10.2455 0 0 0 0
-12.5087 -6.33333 20.8262 10.2786 0 0 0 0
-12.6583 -6.35309 20.9186 10.3119 0 0 0 0
-12.9833 -6.37375 20.7664 10.3444 0 0 0 0
-12.6182 -6.39314 20.7434 10.3767 0 0 0 0
-12.9368 -6.4134 20.7571 10.4089 0 0 0 0
-13.1166 -6.43409 20.9863 10.4415 0 0 0 0
-12.9744 -6.45421 20.7543 10.4733 0 0 0 0
-13.1945 -6.47489 21.0379 10.5057 0 0 0 0
-12.821 -6.49429 21.3434 10.5388 0 0 0 0
-13.0891 -6.5144 21.3036 10.5716 0 0 0 0
-13.0242 -6.53419 21.4092 10.6046 0 0 0 0
-12.9323 -6.55357 21.3613 10.6372 0 0 0 0
-13.1125 -6.57339 21.1745 10.669 0 0 0 0
-13.0534 -6.59291 21.4311 10.7014 0 0 0 0
-13.1947 -6.61273 21.5597 10.734 0 0 0 0
-13.2454 -6.63259 21.738 10.767 0 0 0 0
-13.2336 -6.6523 21.5668 10.7992 0 0 0 0
-13.6049 -6.67299 21.5937 10.8313 0 0 0 0
-13.4792 -6.69319 21.641 10.8634 0 0 0 0
-13.3045 -6.71275 21.7759 10.8957 0 0 0 0
-13.2951 -6.73216 21.7134 10.9276 0 0 0 0
-13.4072 -6.75179 22.0345 10.9603 0 0 0 0
-13.363 -6.77118 21.8765 10.9923 0 0 0 0
-13.5822 -6.7911 22.301 11.0253 0 0 0 0
-13.5 -6.81066 22.3976 11.0585 0 0 0 0
-13.8313 -6.83107 22.4308 11.0916 0 0 0 0
-13.5713 -6.8506 22.5217 11.1247 0 0 0 0
-13.5856 -6.87007 22.5552 11.1577 0 0 0 0
-13.7356 -6.88985 22.2677 11.1897 0 0 0 0
-13.7815 -6.90966 22.3725 11.2219 0 0 0 0
-14.0047 -6.92999 22.6711 11.2547 0 0 0 0
-13.7759 -6.94955 22.4555 11.2867 0 0 0 0
-13.8531 -6.96922 22.6755 11.3191 0 0 0 0
-14.2093 -6.98978 22.9033 11.352 0 0 0 0
-13.8623 -7.00925 22.6273 11.384 0 0 0 0
-14.1763 -7.0295 22.9167 11.4166 0 0 0 0
-14.1335 -7.04951 23.076 11.4494 0 0 0 0
-14.3141 -7.06992 23.1239 11.4822 0 0 0 0
-13.9525 -7.08919 22.8327 11.514 0 0 0 0
-14.1662 -7.10896 23.2358 11.5467 0 0 0 0
-14.4429 -7.12939 22.9911 11.5786 0 0 0 0
-14.4325 -7.14968 23.3583 11.6113 0 0 0 0
-14.1905 -7.16918 23.3633 11.6439 0 0 0 0
-14.4644 -7.18933 23.5398 11.6768 0 0 0 0
-14.5737 -7.20968 23.5341 11.7094 0 0 0 0
-14.6142 -7.23002 23.3823 11.7415 0 0 0 0
-14.2845 -7.24935 23.4859 11.7737 0 0 0 0
-14.7986 -7.26997 23.7946 11.8065 0 0 0 0
-14.7741 -7.29042 23.4985 11.8384 0 0 0 0
-14.8854 -7.31106 23.7143 11.8706 0 0 0 0
-14.6081 -7.33083 23.7766 11.9029 0 0 0 0
-14.7627 -7.35092 23.8783 11.9353 0 0 0 0
-14.9647 -7.37144 24.0076 11.9678 0 0 0 0
-14.7004 -7.39114 23.969 12.0001 0 0 0 0
-14.7612 -7.4109 24.3031 12.0331 0 0 0 0
-14.8623 -7.43083 24.215 12.0656 0 0 0 0
-15.143 -7.45139 24.2279 12.0981 0 0 0 0
-15.08 -7.47168 24.2734 12.1304 0 0 0 0
-14.8183 -7.49117 24.3683 12.1629 0 0 0 0
-15.2463 -7.51168 24.4729 12.1955 0 0 0 0
-14.9753 -7.53138 24.6442 12.2283 0 0 0 0
-14.9379 -7.55087 24.7453 12.2613 0 0 0 0
-15.2635 -7.57111 24.8172 12.2942 0 0 0 0
-15.1275 -7.59089 24.8234 12.327 0 0 0 0
-15.0757 -7.61043 24.8978 12.3598 0 0 0 0
-15.094 -7.62992 25.0342 12.3928 0 0 0 0
-15.1137 -7.64936 24.906 12.4253 0 0 0 0
-15.3899 -7.66941 24.7638 12.4573 0 0 0 0
-15.473 -7.68958 25.1865 12.4902 0 0 0 0
-15.4761 -7.70965 24.9249 12.5222 0 0 0 0
-15.7296 -7.73026 25.2337 12.5549 0 0 0 0
-15.3832 -7.74989 25.0019 12.5868 0 0 0 0
-15.7651 -7.77039 25.2278 12.6192 0 0 0 0
-15.5081 -7.79012 25.5038 12.652 0 0 0 0
-15.813 -7.81054 25.2364 12.6841 0 0 0 0
-15.9058 -7.83109 25.4031 12.7163 0 0 0 0
-15.9607 -7.85167 25.7842 12.7494 0 0 0 0
-15.6862 -7.87145 25.3868 12.7813 0 0 0 0
-15.5929 -7.8909 25.7437 12.814 0 0 0 0
-15.8741 -7.91096 25.5005 12.8459 0 0 0 0
-16.0087 -7.93125 25.751 12.8782 0 0 0 0
-15.843 -7.95103 26.0109 12.911 0 0 0 0
-16.1986 -7.9716 26.098 12.9439 0 0 0 0
-16.1808 -7.99202 26.0671 12.9766 0 0 0 0
-16.0148 -8.01193 26.3067 13.0096 0 0 0 0
-16.0983 -8.03195 25.9874 13.0418 0 0 0 0
-16.2197 -8.05216 26.3361 13.0746 0 0 0 0
-16.2387 -8.07233 26.2503 13.107 0 0 0 0
-16.146 -8.09216 26.1263 13.139 0 0 0 0
-15.9978 -8.11154 26.5179 13.1718 0 0 0 0
-16.4546 -8.13194 26.4332 13.2042 0 0 0 0
-16.2142 -8.15165 26.7694 13.2373 0 0 0 0
-16.2222 -8.17129 26.6558 13.27 0 0 0 0
-16.3394 -8.19111 26.8731 13.303 0 0 0 0
-16.3459 -8.21086 26.6099 13.3352 0 0 0 0
-16.4464 -8.23075 26.6752 13.3674 0 0 0 0
-16.4959 -8.25067 26.9512 13.4002 0 0 0 0
-16.6868 -8.27095 26.9333 13.4327 0 0 0 0
-16.6037 -8.29093 27.201 13.4657 0 0 0 0
-16.5551 -8.3107 27.1726 13.4985 0 0 0 0
-16.6183 -8.33053 27.0779 13.5309 0 0 0 0
-16.5706 -8.35015 27.2928 13.5637 0 0 0 0
-16.5155 -8.36954 27.0873 13.5958 0 0 0 0
-16.7353 -8.38936 27.5049 13.6288 0 0 0 0
-16.7944 -8.40923 27.5742 13.6617 0 0 0 0
-16.8772 -8.42921 27.4247 13.6942 0 0 0 0
-16.9451 -8.44924 27.6897 13.7271 0 0 0 0
-16.7398 -8.46871 27.4015 13.7592 0 0 0 0
-17.124 -8.48898 27.4765 13.7914 0 0 0 0
-16.9248 -8.50868 27.9106 13.8243 0 0 0 0
-17.0175 -8.52852 27.5257 13.8563 0 0 0 0
-17.0493 -8.54833 27.5873 13.8882 0 0 0 0
-17.1318 -8.56825 27.9072 13.9207 0 0 0 0
-17.2268 -8.58829 27.7307 13.9527 0 0 0 0
-16.992 -8.6077 27.8289 13.9848 0 0 0 0
-17.2295 -8.62757 27.8552 14.0167 0 0 0 0
-17.4836 -8.64793 28.2251 14.0494 0 0 0 0
-17.4438 -8.6681 28.118 14.0816 0 0 0 0
-17.3232 -8.68791 28.2303 14.114 0 0 0 0
-17.4762 -8.70797 28.2008 14.1462 0 0 0 0
-17.3907 -8.72775 28.2382 14.1783 0 0 0 0
-17.5212 -8.74773 28.4738 14.2108 0 0 0 0
-17.4086 -8.76737 28.5025 14.2432 0 0 0 0
-17.8477 -8.78792 28.5197 14.2755 0 0 0 0
-17.7021 -8.80804 28.4793 14.3075 0 0 0 0
-17.5163 -8.82765 28.8466 14.3403 0 0 0 0
-17.5244 -8.8472 28.8667 14.3729 0 0 0 0
-17.6847 -8.86701 28.8672 14.4054 0 0 0 0
-17.683 -8.88673 29.0436 14.4382 0 0 0 0
-17.6115 -8.90621 28.9729 14.4706 0 0 0 0
-17.9484 -8.92635 28.8611 14.5027 0 0 0 0
-17.7177 -8.94588 29.2806 14.5355 0 0 0 0
-17.9826 -8.96592 28.9893 14.5676 0 0 0 0
-17.8153 -8.9855 29.3807 14.6003 0 0 0 0
-18.2704 -9.00599 29.2733 14.6327 0 0 0 0
-17.8619 -9.0255 29.1639 14.6647 0 0 0 0
-18.2876 -9.04586 29.3006 14.6969 0 0 0 0
-18.3515 -9.06626 29.5556 14.7295 0 0 0 0
-18.3908 -9.08667 29.6341 14.7621 0 0 0 0
-18.2 -9.10657 29.7351 14.7948 0 0 0 0
-18.1642 -9.1263 29.9128 14.8277 0 0 0 0
-18.2351 -9.1461 29.6693 14.86 0 0 0 0
-18.2056 -9.16575 29.7741 14.8923 0 0 0 0
-18.1513 -9.1852 30.0363 14.9251 0 0 0 0
-18.5878 -9.20551 29.8003 14.9572 0 0 0 0
-18.5359 -9.22562 29.8706 14.9894 0 0 0 0
-18.4795 -9.24552 29.9428 15.0215 0 0 0 0
-18.3299 -9.26501 30.0051 15.0537 0 0 0 0
-18.6591 -9.28513 30.127 15.086 0 0 0 0
-18.8296 -9.30552 30.1391 15.1181 0 0 0 0
-18.9069 -9.326 30.4906 15.1509 0 0 0 0
-18.5895 -9.34571 30.6105 15.1838 0 0 0 0
-19.0091 -9.36622 30.4593 15.2162 0 0 0 0
-18.8368 -9.38629 30.7008 15.249 0 0 0 0
-18.8593 -9.40632 30.6124 15.2815 0 0 0 0
-18.7553 -9.42604 30.5492 15.3137 0 0 0 0
-18.8903 -9.44596 30.5414 15.3458 0 0 0 0
-18.749 -9.46551 31.0069 15.3787 0 0 0 0
-18.8215 -9.48512 30.6548 15.4107 0 0 0 0
-19.0446 -9.50512 31.006 15.4434 0 0 0 0
-18.9564 -9.52485 31.133 15.4761 0 0 0 0
-19.2421 -9.5451 31.275 15.509 0 0 0 0
-19.014 -9.56478 30.9848 15.5412 0 0 0 0
-19.1736 -9.58472 30.9756 15.5732 0 0 0 0
-19.2289 -9.60468 31.4102 15.606 0 0 0 0
-19.1779 -9.62446 31.092 15.638 0 0 0 0
-19.2041 -9.64422 31.4217 15.6705 0 0 0 0
-19.1529 -9.66378 31.6478 15.7034 0 0 0 0
-19.2515 -9.68347 31.4277 15.7357 0 0 0 0
-19.4925 -9.70357 31.5809 15.7682 0 0 0 0
-19.7037 -9.72402 31.731 15.8008 0 0 0 0
-19.7696 -9.74452 31.8543 15.8336 0 0 0 0
-19.4319 -9.76425 31.6449 15.8658 0 0 0 0
-19.7726 -9.78459 31.6288 15.8978 0 0 0 0
-19.5547 -9.80441 31.6813 15.9298 0 0 0 0
-19.7571 -9.82456 32.0789 15.9625 0 0 0 0
-19.5709 -9.84425 32.0131 15.995 0 0 0 0
-19.5191 -9.86375 32.1778 16.0276 0 0 0 0
-19.9024 -9.88395 32.1635 16.06 0 0 0 0
-19.6528 -9.90357 32.0296 16.0921 0 0 0 0
-20.0795 -9.92396 32.1266 16.1242 0 0 0 0
-20.0985 -9.94431 32.579 16.1572 0 0 0 0
-20.0556 -9.96449 32.3719 16.1895 0 0 0 0
-19.8431 -9.98417 32.2733 16.2216 0 0 0 0
-19.8829 -10.0038 32.435 16.2538 0 0 0 0
-19.8811 -10.0234 32.5083 16.286 0 0 0 0
-20.2353 -10.0437 32.549 16.3183 0 0 0 0
-20.2953 -10.0639 32.9331 16.3511 0 0 0 0
-20.0126 -10.0836 33.0188 16.384 0 0 0 0
-20.0676 -10.1032 32.9446 16.4166 0 0 0 0
-20.5096 -10.1236 32.7918 16.4487 0 0 0 0
-20.4781 -10.144 32.948 16.4811 0 0 0 0
-20.3854 -10.164 32.9275 16.5133 0 0 0 0
-20.2028 -10.1836 33.2115 16.5459 0 0 0 0
-20.4168 -10.2035 33.4208 16.5788 0 0 0 0
-20.4687 -10.2235 33.3953 16.6115 0 0 0 0
-20.2703 -10.243 33.5797 16.6444 0 0 0 0
-20.3763 -10.2627 33.5801 16.6773 0 0 0 0
-20.7767 -10.283 33.4122 16.7096 0 0 0 0
-20.7478 -10.3032 33.3755 16.7418 0 0 0 0
-20.4431 -10.3227 33.7259 16.7745 0 0 0 0
-20.6117 -10.3425 33.4354 16.8066 0 0 0 0
-20.6875 -10.3624 33.8914 16.8394 0 0 0 0
-20.682 -10.3822 33.9591 16.8722 0 0 0 0
-21.0277 -10.4025 33.9744 16.9049 0 0 0 0
-20.9425 -10.4226 34.0049 16.9375 0 0 0 0
-20.7123 -10.4422 34.1898 16.9704 0 0 0 0
-21.1939 -10.4627 34.1967 17.0031 0 0 0 0
-21.0256 -10.4827 33.8788 17.0351 0 0 0 0
-21.1757 -10.503 34.1492 17.0675 0 0 0 0
-21.2517 -10.5233 34.4645 17.1004 0 0 0 0
-21.1192 -10.5433 34.1914 17.1327 0 0 0 0
-21.0328 -10.563 34.5883 17.1655 0 0 0 0
-21.3433 -10.5833 34.2161 17.1976 0 0 0 0
-21.1044 -10.603 34.3791 17.2298 0 0 0 0
-21.2517 -10.623 34.7332 17.2626 0 0 0 0
-21.144 -10.6426 34.5608 17.2949 0 0 0 0
-21.3405 -10.6626 34.9559 17.3279 0 0 0 0
-21.2153 -10.6822 34.8484 17.3605 0 0 0 0
-21.5761 -10.7025 34.9964 17.3933 0 0 0 0
-21.5445 -10.7226 34.8384 17.4257 0 0 0 0
-21.7525 -10.743 35.0006 17.4582 0 0 0 0
-21.6111 -10.7631 34.8449 17.4904 0 0 0 0
-21.6875 -10.7833 35.2995 17.5232 0 0 0 0
-21.7893 -10.8035 35.3851 17.5561 0 0 0 0
-21.8675 -10.8239 35.4047 17.5889 0 0 0 0
-21.523 -10.8435 35.2678 17.6214 0 0 0 0
-21.8989 -10.8638 35.4274 17.654 0 0 0 0
-21.77 -10.8837 35.487 17.6866 0 0 0 0
-21.8782 -10.9038 35.2482 17.7186 0 0 0 0
-21.6979 -10.9234 35.3748 17.7508 0 0 0 0
-22.0363 -10.9436 35.516 17.7831 0 0 0 0
-21.8692 -10.9635 35.7157 17.8156 0 0 0 0
-21.7706 -10.983 35.8036 17.8482 0 0 0 0
-21.8959 -11.0028 35.7764 17.8806 0 0 0 0
-21.9208 -11.0225 35.9997 17.9133 0 0 0 0
-22.3021 -11.0428 35.9533 17.9458 0 0 0 0
-22.4 -11.0632 35.7635 17.9779 0 0 0 0
-22.0758 -11.083 35.9919 18.0102 0 0 0 0
-22.0389 -11.1026 36.1211 18.0427 0 0 0 0
-22.146 -11.1224 35.9803 18.0748 0 0 0 0
-22.2545 -11.1423 36.0321 18.1068 0 0 0 0
-22.2688 -11.1621 36.5695 18.1397 0 0 0 0
-22.3998 -11.1821 36.5032 18.1724 0 0 0 0
-22.557 -11.2023 36.6262 18.2052 0 0 0 0
-22.4067 -11.2222 36.5786 18.2378 0 0 0 0
-22.6382 -11.2424 36.7671 18.2706 0 0 0 0
-22.58 -11.2624 36.7841 18.3033 0 0 0 0
-22.6742 -11.2825 36.4823 18.3353 0 0 0 0
-22.6517 -11.3025 36.8532 18.3679 0 0 0 0
-22.7281 -11.3226 36.7968 18.4003 0 0 0 0
-22.9562 -11.343 36.8144 18.4326 0 0 0 0
-22.7116 -11.3629 37.1769 18.4655 0 0 0 0
-22.8339 -11.383 37.2658 18.4983 0 0 0 0
-22.8985 -11.4031 37.1316 18.5309 0 0 0 0
-23.125 -11.4235 37.4171 18.5638 0 0 0 0
-22.7374 -11.4432 37.2137 18.5962 0 0 0 0
-22.8602 -11.463 37.2265 18.6285 0 0 0 0
-22.9488 -11.4829 37.3743 18.661 0 0 0 0
-23.0102 -11.5029 37.2095 18.6931 0 0 0 0
-23.1409 -11.523 37.3715 18.7254 0 0 0 0
-22.9013 -11.5426 37.7498 18.7582 0 0 0 0
-22.9279 -11.5622 37.6894 18.7908 0 0 0 0
-23.158 -11.5821 37.4882 18.8229 0 0 0 0
-23.2865 -11.6022 37.6677 18.8552 0 0 0 0
-23.2807 -11.6222 37.62 18.8873 0 0 0 0
-23.1326 -11.6419 37.7971 18.9197 0 0 0 0
-23.2192 -11.6616 38.1764 18.9525 0 0 0 0
-23.3558 -11.6815 37.8831 18.9848 0 0 0 0
-23.5503 -11.7017 38.1204 19.0173 0 0 0 0
-23.2928 -11.7214 38.03 19.0496 0 0 0 0
-23.6193 -11.7416 38.3336 19.0823 0 0 0 0
-23.3767 -11.7613 38.1505 19.1145 0 0 0 0
-23.7546 -11.7815 38.3234 19.147 0 0 0 0
-23.4448 -11.8012 38.4522 19.1795 0 0 0 0
-23.9156 -11.8216 38.7276 19.2125 0 0 0 0
-23.9404 -11.8419 38.6046 19.245 0 0 0 0
-23.8815 -11.8621 38.4449 19.2773 0 0 0 0
-23.9919 -11.8825 38.5407 19.3095 0 0 0 0
-23.8426 -11.9025 38.9699 19.3424 0 0 0 0
-24.1054 -11.9228 38.5948 19.3745 0 0 0 0
-24.0012 -11.943 38.7599 19.4069 0 0 0 0
-23.9522 -11.9629 38.9303 19.4393 0 0 0 0
-24.0439 -11.983 39.2124 19.4722 0 0 0 0
-23.9895 -12.0029 38.9611 19.5045 0 0 0 0
-24.0921 -12.0229 39.0808 19.5369 0 0 0 0
-23.8943 -12.0426 39.2192 19.5695 0 0 0 0
-23.9925 -12.0623 39.4072 19.6022 0 0 0 0
-24.0492 -12.082 39.3714 19.6348 0 0 0 0
-24.055 -12.1017 39.299 19.6671 0 0 0 0
-24.0604 -12.1214 39.339 19.6994 0 0 0 0
-24.0983 -12.141 39.6294 19.7321 0 0 0 0
-24.5462 -12.1613 39.7224 19.7648 0 0 0 0
-24.4136 -12.1813 39.488 19.797 0 0 0 0
-24.6767 -12.2017 39.4858 19.8291 0 0 0 0
-24.5026 -12.2217 39.9611 19.8619 0 0 0 0
-24.7019 -12.242 39.6022 19.894 0 0 0 0
-24.7036 -12.2623 40.0693 19.9268 0 0 0 0
-24.4514 -12.282 40.1148 19.9595 0 0 0 0
-24.5608 -12.3019 39.9394 19.9918 0 0 0 0
-24.5393 -12.3217 40.3158 20.0247 0 0 0 0
-24.5489 -12.3414 40.0413 20.0569 0 0 0 0
-24.7606 -12.3614 39.9965 20.0891 0 0 0 0
-25.0121 -12.3817 40.0654 20.1212 0 0 0 0
-24.9119 -12.4018 40.4727 20.1538 0 0 0 0
-24.9251 -12.4219 40.2702 20.1861 0 0 0 0
-25.021 -12.4421 40.3361 20.2183 0 0 0 0
-24.8376 -12.4619 40.3774 20.2505 0 0 0 0
-25.2209 -12.4822 40.6378 20.283 0 0 0 0
-25.1106 -12.5023 40.8434 20.3158 0 0 0 0
-25.2506 -12.5226 40.9549 20.3486 0 0 0 0
-25.3041 -12.5429 40.5846 20.3807 0 0 0 0
-25.3193 -12.5631 41.044 20.4134 0 0 0 0
-25.3254 -12.5833 40.9853 20.446 0 0 0 0
-25.3165 -12.6034 41.035 20.4785 0 0 0 0
-25.1975 -12.6233 41.2654 20.5113 0 0 0 0
-25.1037 -12.6429 41.3676 20.5442 0 0 0 0
-25.5574 -12.6632 41.0366 20.5764 0 0 0 0
-25.371 -12.6832 41.4251 20.6091 0 0 0 0
-25.2424 -12.7029 41.1263 20.6413 0 0 0 0
-25.2938 -12.7226 41.5662 20.674 0 0 0 0
-25.5759 -12.7427 41.4944 20.7065 0 0 0 0
-25.474 -12.7625 41.5105 20.739 0 0 0 0
-25.7093 -12.7827 41.8247 20.7718 0 0 0 0
-25.3989 -12.8023 41.779 20.8045 0 0 0 0
-25.6326 -12.8222 41.6162 20.8368 0 0 0 0
-25.904 -12.8425 41.644 20.8691 0 0 0 0
-25.7097 -12.8624 41.8537 20.9016 0 0 0 0
-25.8723 -12.8825 41.79 20.9339 0 0 0 0
-25.8508 -12.9026 42.0859 20.9665 0 0 0 0
-25.6559 -12.9222 42.1406 20.9991 0 0 0 0
-25.6787 -12.9418 41.9888 21.0314 0 0 0 0
-25.9532 -12.9618 42.0529 21.0637 0 0 0 0
-25.801 -12.9815 42.2422 21.0962 0 0 0 0
-26.1268 -13.0016 42.3337 21.1287 0 0 0 0
-26.0446 -13.0216 42.2983 21.1611 0 0 0 0
-26.1959 -13.0417 42.2796 21.1933 0 0 0 0
-26.2649 -13.0619 42.3696 21.2256 0 0 0 0
-25.9886 -13.0815 42.6948 21.2583 0 0 0 0
-26.0865 -13.1013 42.7152 21.2909 0 0 0 0
-26.1867 -13.1212 42.59 21.3232 0 0 0 0
-26.1866 -13.141 42.5522 21.3554 0 0 0 0
-26.2491 -13.1608 43.0145 21.3881 0 0 0 0
-26.4792 -13.1809 42.6722 21.4203 0 0 0 0
-26.4479 -13.2009 42.7254 21.4524 0 0 0 0
-26.3109 -13.2207 43.0893 21.485 0 0 0 0
-26.4997 -13.2406 43.147 21.5176 0 0 0 0
-26.5257 -13.2606 43.2987 21.5503 0 0 0 0
-26.53 -13.2805 43.3234 21.5829 0 0 0 0
-26.51 -13.3003 43.474 21.6157 0 0 0 0
-26.851 -13.3205 43.3168 21.6481 0 0 0 0
-26.5768 -13.3403 43.1807 21.6803 0 0 0 0
-26.7908 -13.3604 43.2561 21.7124 0 0 0 0
-26.7968 -13.3804 43.4346 21.7448 0 0 0 0
-27.0559 -13.4007 43.4874 21.7771 0 0 0 0
-26.639 -13.4203 43.6832 21.8096 0 0 0 0
-26.8622 -13.4402 43.5305 21.8418 0 0 0 0
-27.0262 -13.4603 44.0378 21.8746 0 0 0 0
-26.82 -13.4801 43.7937 21.907 0 0 0 0
-27.1691 -13.5003 43.8348 21.9393 0 0 0 0
-27.3045 -13.5206 44.2514 21.9722 0 0 0 0
-27.2838 -13.5408 43.8545 22.0043 0 0 0 0
-27.2999 -13.561 44.0355 22.0367 0 0 0 0
-27.0566 -13.5808 44.2748 22.0693 0 0 0 0
-27.4482 -13.6011 44.1464 22.1016 0 0 0 0
-27.4618 -13.6214 44.1888 22.1339 0 0 0 0
-27.2887 -13.6413 44.2341 22.1662 0 0 0 0
-27.2939 -13.6612 44.2635 22.1984 0 0 0 0
-27.4231 -13.6813 44.6544 22.2311 0 0 0 0
-27.5231 -13.7014 44.3687 22.2633 0 0 0 0
-27.5887 -13.7215 44.7521 22.2959 0 0 0 0
-27.3334 -13.7413 44.7538 22.3284 0 0 0 0
-27.3758 -13.761 44.5756 22.3606 0 0 0 0
-27.4523 -13.7808 45.0998 22.3935 0 0 0 0
-27.5725 -13.8007 44.9744 22.4261 0 0 0 0
-27.6326 -13.8206 45.0266 22.4587 0 0 0 0
-27.8729 -13.8408 45.2844 22.4915 0 0 0 0
-27.8942 -13.861 44.8811 22.5237 0 0 0 0
-27.9305 -13.8812 45.0526 22.556 0 0 0 0
-27.8866 -13.9013 45.3875 22.5887 0 0 0 0
-27.9938 -13.9214 45.505 22.6215 0 0 0 0
-27.9803 -13.9415 45.4838 22.6541 0 0 0 0
-28.1068 -13.9617 45.2115 22.6863 0 0 0 0
-27.9477 -13.9817 45.427 22.7187 0 0 0 0
-28.1094 -14.0018 45.6491 22.7513 0 0 0 0
-27.842 -14.0214 45.4918 22.7836 0 0 0 0
-27.9221 -14.0411 45.6185 22.816 0 0 0 0
-27.9332 -14.0608 45.8426 22.8486 0 0 0 0
-28.3492 -14.081 45.7162 22.881 0 0 0 0
-28.3123 -14.1011 45.906 22.9135 0 0 0 0
-28.3845 -14.1213 45.815 22.9458 0 0 0 0
-28.5202 -14.1415 45.8234 22.978 0 0 0 0
-28.2553 -14.1614 46.2569 23.0108 0 0 0 0
-28.3141 -14.1813 46.3096 23.0435 0 0 0 0
-28.6871 -14.2016 46.2107 23.076 0 0 0 0
-28.4277 -14.2215 46.4977 23.1088 0 0 0 0
-28.6247 -14.2417 46.3979 23.1414 0 0 0 0
-28.4365 -14.2615 46.5969 23.1741 0 0 0 0
-28.3939 -14.2812 46.6401 23.2068 0 0 0 0
-28.587 -14.3011 46.4424 23.2392 0 0 0 0
-28.5379 -14.3209 46.4301 23.2715 0 0 0 0
-28.6987 -14.3409 46.7645 23.3041 0 0 0 0
-28.8127 -14.361 46.9816 23.3369 0 0 0 0
-28.999 -14.3813 46.7558 23.3694 0 0 0 0
-29.0763 -14.4016 46.9587 23.402 0 0 0 0
-29.0006 -14.4217 46.7645 23.4343 0 0 0 0
-29.0557 -14.4419 46.8395 23.4665 0 0 0 0
-28.7789 -14.4617 47.1916 23.4992 0 0 0 0
-29.2262 -14.482 47.1166 23.5317 0 0 0 0
-29.2619 -14.5023 47.4206 23.5645 0 0 0 0
-29.2875 -14.5226 47.2877 23.5971 0 0 0 0
-28.8887 -14.5423 47.3569 23.6296 0 0 0 0
-28.9707 -14.562 47.3394 23.6621 0 0 0 0
-29.2484 -14.5821 47.4067 23.6945 0 0 0 0
-29.1607 -14.6019 47.6767 23.7272 0 0 0 0
-29.0574 -14.6216 47.4716 23.7596 0 0 0 0
-29.5689 -14.642 47.7031 23.7921 0 0 0 0
-29.5853 -14.6623 47.788 23.8247 0 0 0 0
-29.439 -14.6823 48.0022 23.8575 0 0 0 0
-29.388 -14.7023 47.6904 23.8898 0 0 0 0
-29.5228 -14.7223 47.8253 23.9222 0 0 0 0
-29.4584 -14.7422 48.1242 23.9549 0 0 0 0
-29.8076 -14.7626 47.8376 23.9872 0 0 0 0
-29.6528 -14.7826 47.9884 24.0195 0 0 0 0
-29.7316 -14.8027 48.3271 24.0522 0 0 0 0
-29.5032 -14.8225 48.1358 24.0846 0 0 0 0
-29.8712 -14.8427 48.3273 24.1171 0 0 0 0
-29.7755 -14.8627 48.6076 24.15 0 0 0 0
-29.8334 -14.8828 48.3592 24.1824 0 0 0 0
-29.8806 -14.9028 48.4324 24.2148 0 0 0 0
-29.8398 -14.9227 48.7439 24.2475 0 0 0 0
-30.0013 -14.9429 48.5667 24.28 0 0 0 0
-29.7345 -14.9626 48.6896 24.3125 0 0 0 0
-30.0407 -14.9826 48.8041 24.345 0 0 0 0
-29.9016 -15.0024 48.6068 24.3773 0 0 0 0
-30.2544 -15.0226 48.734 24.4096 0 0 0 0
-30.3263 -15.0429 48.8536 24.4419 0 0 0 0
-30.1741 -15.0629 49.0746 24.4745 0 0 0 0
-30.2836 -15.083 48.8647 24.5067 0 0 0 0
-30.1827 -15.103 48.9614 24.539 0 0 0 0
-30.3896 -15.1231 49.3675 24.5717 0 0 0 0
-30.3505 -15.1431 49.5172 24.6045 0 0 0 0
-30.4995 -15.1633 49.1387 24.6368 0 0 0 0
-30.3905 -15.1833 49.2823 24.6691 0 0 0 0
-30.6863 -15.2036 49.5031 24.7017 0 0 0 0
-30.3447 -15.2234 49.3338 24.7339 0 0 0 0
-30.2854 -15.2431 49.5297 24.7663 0 0 0 0
-30.358 -15.2629 49.6709 24.7988 0 0 0 0
-30.7387 -15.283 49.6263 24.8312 0 0 0 0
-30.6508 -15.303 49.6953 24.8636 0 0 0 0
-30.7228 -15.3231 49.9874 24.8962 0 0 0 0
-30.5492 -15.3429 49.8646 24.9287 0 0 0 0
-30.7963 -15.3629 50.0971 24.9613 0 0 0 0
-30.6825 -15.3828 49.8457 24.9936 0 0 0 0
-31.0491 -15.403 50.2415 25.0262 0 0 0 0
-30.7065 -15.4228 50.2489 25.0588 0 0 0 0
-30.9902 -15.4429 50.2325 25.0913 0 0 0 0
-31.1628 -15.4631 50.2676 25.1237 0 0 0 0
-31.1558 -15.4833 50.2966 25.1561 0 0 0 0
-30.8333 -15.5031 50.3047 25.1885 0 0 0 0
-31.1748 -15.5232 50.3321 25.2207 0 0 0 0
-31.1992 -15.5433 50.4111 25.253 0 0 0 0
-31.2739 -15.5634 50.488 25.2853 0 0 0 0
-31.3638 -15.5836 50.6176 25.3177 0 0 0 0
-31.4573 -15.6039 50.766 25.3502 0 0 0 0
-31.0482 -15.6236 50.9846 25.3829 0 0 0 0
-31.3468 -15.6436 51.1015 25.4157 0 0 0 0
-31.5204 -15.6638 50.951 25.4482 0 0 0 0
-31.414 -15.6838 51.1246 25.4808 0 0 0 0
-31.5657 -15.704 51.3084 25.5136 0 0 0 0
-31.5913 -15.7241 51.0548 25.5459 0 0 0 0
-31.3588 -15.7439 51.3798 25.5787 0 0 0 0
-31.495 -15.7638 51.4325 25.6113 0 0 0 0
-31.8464 -15.7841 51.2305 25.6437 0 0 0 0
-31.7452 -15.8043 51.6415 25.6765 0 0 0 0
-31.5003 -15.824 51.4887 25.709 0 0 0 0
-31.6162 -15.8439 51.4231 25.7413 0 0 0 0
-31.5495 -15.8636 51.6056 25.7738 0 0 0 0
-32.0032 -15.8839 51.838 25.8065 0 0 0 0
-32.0517 -15.9041 51.6313 25.8389 0 0 0 0
-31.9381 -15.9242 51.8766 25.8715 0 0 0 0
-31.9125 -15.9442 51.8358 25.9039 0 0 0 0
-32.1396 -15.9644 52.1725 25.9367 0 0 0 0
-32.2127 -15.9847 51.7526 25.9689 0 0 0 0
-31.8326 -16.0044 52.0208 26.0013 0 0 0 0
-31.9523 -16.0242 51.9738 26.0337 0 0 0 0
-32.3191 -16.0445 52.1566 26.0661 0 0 0 0
-32.071 -16.0644 52.2737 26.0986 0 0 0 0
-32.0379 -16.0842 52.4936 26.1313 0 0 0 0
-32.3543 -16.1043 52.3898 26.1638 0 0 0 0
-32.0948 -16.1241 52.2795 26.1961 0 0 0 0
-32.0846 -16.1438 52.5392 26.2286 0 0 0 0
-32.4997 -16.1639 52.3684 26.2609 0 0 0 0
-32.5477 -16.1841 52.4989 26.2932 0 0 0 0
-32.5935 -16.2043 52.5648 26.3255 0 0 0 0
-32.2516 -16.224 52.8267 26.358 0 0 0 0
-32.4006 -16.2439 52.7422 26.3904 0 0 0 0
-32.4701 -16.2637 53.0531 26.4231 0 0 0 0
-32.3893 -16.2835 53.1892 26.4559 0 0 0 0
-32.4678 -16.3033 52.9195 26.4882 0 0 0 0
-32.8773 -16.3235 52.8859 26.5204 0 0 0 0
-32.5181 -16.3433 52.9942 26.5527 0 0 0 0
-32.5636 -16.363 53.1647 26.5851 0 0 0 0
-32.5717 -16.3827 53.2408 26.6176 0 0 0 0
-32.9243 -16.4028 53.4573 26.6502 0 0 0 0
-32.6862 -16.4226 53.3701 26.6826 0 0 0 0
-32.9534 -16.4426 53.5823 26.7152 0 0 0 0
-33.0765 -16.4628 53.5514 26.7477 0 0 0 0
-32.9861 -16.4827 53.776 26.7804 0 0 0 0
-32.8929 -16.5026 53.8132 26.813 0 0 0 0
-33.0867 -16.5226 53.9189 26.8457 0 0 0 0
-33.0905 -16.5425 53.7094 26.8781 0 0 0 0
-33.2364 -16.5626 53.6621 26.9103 0 0 0 0
-32.9944 -16.5824 54.0815 26.943 0 0 0 0
-33.3058 -16.6024 53.9062 26.9753 0 0 0 0
-33.4244 -16.6226 53.9923 27.0077 0 0 0 0
-33.5449 -16.6429 54.3358 27.0405 0 0 0 0
-33.4856 -16.663 54.1619 27.0729 0 0 0 0
-33.5776 -16.6832 54.4626 27.1056 0 0 0 0
-33.3859 -16.7032 54.4818 27.1383 0 0 0 0
-33.6316 -16.7233 54.3809 27.1708 0 0 0 0
-33.3891 -16.7432 54.4367 27.2032 0 0 0 0
-33.4918 -16.7631 54.6873 27.2359 0 0 0 0
-33.7628 -16.7833 54.5113 27.2683 0 0 0 0
-33.4084 -16.803 54.7697 27.3009 0 0 0 0
-33.8312 -16.8232 54.9114 27.3336 0 0 0 0
-33.9464 -16.8435 54.9166 27.3663 0 0 0 0
-33.992 -16.8637 54.6754 27.3986 0 0 0 0
-34.0088 -16.884 54.9513 27.4311 0 0 0 0
-33.8055 -16.9039 55.0065 27.4636 0 0 0 0
-34.0206 -16.9241 54.8436 27.4959 0 0 0 0
-34.0177 -16.9442 54.9022 27.5281 0 0 0 0
-34.0044 -16.9642 55.0019 27.5604 0 0 0 0
-34.1242 -16.9844 55.4103 27.5931 0 0 0 0
-34.0356 -17.0044 55.1994 27.6254 0 0 0 0
-33.836 -17.0241 55.5883 27.6582 0 0 0 0
-34.3091 -17.0443 55.3372 27.6906 0 0 0 0
-34.0565 -17.0642 55.4955 27.723 0 0 0 0
-34.3026 -17.0843 55.4973 27.7555 0 0 0 0
-34.2275 -17.1043 55.7956 27.7881 0 0 0 0
-34.2714 -17.1242 55.4887 27.8204 0 0 0 0
-34.1554 -17.1441 55.7972 27.8529 0 0 0 0
-34.5582 -17.1643 55.8398 27.8854 0 0 0 0
-34.1767 -17.184 56.0116 27.918 0 0 0 0
-34.453 -17.204 55.9407 27.9505 0 0 0 0
-34.2706 -17.2238 56.0544 27.983 0 0 0 0
-34.5874 -17.2438 56.2872 28.0158 0 0 0 0
-34.4801 -17.2638 55.9713 28.048 0 0 0 0
-34.5963 -17.2837 56.0312 28.0803 0 0 0 0
-34.7501 -17.3039 56.3132 28.1129 0 0 0 0
-34.5344 -17.3237 56.2896 28.1453 0 0 0 0
-34.5409 -17.3435 56.5422 28.1779 0 0 0 0
-34.7781 -17.3635 56.4148 28.2103 0 0 0 0
-34.829 -17.3835 56.593 28.2429 0 0 0 0
-34.9005 -17.4036 56.681 28.2755 0 0 0 0
-34.8512 -17.4236 56.6713 28.3079 0 0 0 0
-34.7517 -17.4434 56.5878 28.3403 0 0 0 0
-35.2051 -17.4636 56.6146 28.3725 0 0 0 0
-35.2297 -17.4839 56.7359 28.4049 0 0 0 0
-35.162 -17.504 56.8951 28.4373 0 0 0 0
-34.9762 -17.5239 56.9764 28.4698 0 0 0 0
-35.3035 -17.5441 57.092 28.5023 0 0 0 0
-34.9816 -17.5639 57.2883 28.535 0 0 0 0
-35.3409 -17.5841 57.4119 28.5677 0 0 0 0
-35.3333 -17.6042 57.0866 28.6 0 0 0 0
-35.2266 -17.6241 57.0851 28.6323 0 0 0 0
-35.0922 -17.6438 57.4136 28.6648 0 0 0 0
-35.4166 -17.6639 57.2162 28.697 0 0 0 0
-35.5315 -17.684 57.7179 28.7297 0 0 0 0
-35.3938 -17.704 57.4163 28.762 0 0 0 0
-35.7217 -17.7242 57.6726 28.7946 0 0 0 0
-35.3116 -17.744 57.7964 28.8271 0 0 0 0
-35.6978 -17.7642 57.7378 28.8596 0 0 0 0
-35.3671 -17.7839 57.6485 28.8919 0 0 0 0
-35.6902 -17.8039 57.9181 28.9244 0 0 0 0
-35.7623 -17.824 57.8942 28.9568 0 0 0 0
-35.6573 -17.844 57.9204 28.9891 0 0 0 0
-35.865 -17.8641 58.1268 29.0217 0 0 0 0
-35.6007 -17.8838 58.164 29.0541 0 0 0 0
-35.9259 -17.9039 58.3273 29.0867 0 0 0 0
-35.8998 -17.924 58.3464 29.1193 0 0 0 0
-35.9636 -17.944 58.5811 29.152 0 0 0 0
-36.1495 -17.9642 58.5174 29.1846 0 0 0 0
-36.1757 -17.9844 58.3737 29.217 0 0 0 0
-36.2342 -18.0046 58.366 29.2493 0 0 0 0
-35.9852 -18.0245 58.7932 29.2819 0 0 0 0
-36.1246 -18.0445 58.6719 29.3144 0 0 0 0
-36.0833 -18.0644 58.7192 29.3469 0 0 0 0
-36.13 -18.0843 58.6246 29.3791 0 0 0 0
-36.0747 -18.1041 58.8243 29.4116 0 0 0 0
-36.091 -18.1239 58.965 29.4441 0 0 0 0
-36.0889 -18.1437 58.9674 29.4765 0 0 0 0
-36.2472 -18.1635 59.1503 29.5091 0 0 0 0
-36.4629 -18.1836 59.3067 29.5418 0 0 0 0
-36.2637 -18.2034 58.997 29.574 0 0 0 0
-36.3582 -18.2233 59.2112 29.6065 0 0 0 0
-36.6522 -18.2434 59.5045 29.6391 0 0 0 0
-36.4181 -18.2633 59.297 29.6715 0 0 0 0
-36.5684 -18.2832 59.3124 29.7038 0 0 0 0
-36.8279 -18.3034 59.6686 29.7365 0 0 0 0
-36.7231 -18.3235 59.4947 29.7689 0 0 0 0
-36.8845 -18.3436 59.6921 29.8014 0 0 0 0
-36.8894 -18.3638 59.6443 29.8338 0 0 0 0
-36.9375 -18.3839 59.879 29.8664 0 0 0 0
-36.7408 -18.4038 59.9501 29.899 0 0 0 0
-36.8083 -18.4237 59.708 29.9312 0 0 0 0
-37.0052 -18.4438 60.2211 29.964 0 0 0 0
-37.0497 -18.4639 59.9638 29.9964 0 0 0 0
-37.1685 -18.4841 60.0593 30.0288 0 0 0 0
-37.1518 -18.5042 60.4206 30.0616 0 0 0 0
-37.2119 -18.5243 60.1354 30.0939 0 0 0 0
-37.0576 -18.5443 60.448 30.1266 0 0 0 0
-37.1186 -18.5642 60.2705 30.1589 0 0 0 0
-37.0939 -18.5841 60.3689 30.1914 0 0 0 0
-37.1329 -18.604 60.2758 30.2236 0 0 0 0
-37.1797 -18.6239 60.6453 30.2562 0 0 0 0
-37.5068 -18.6441 60.7549 30.2888 0 0 0 0
-37.4195 -18.6641 60.722 30.3213 0 0 0 0
-37.2179 -18.6839 60.821 30.3539 0 0 0 0
-37.4424 -18.7039 60.6054 30.3861 0 0 0 0
-37.3941 -18.7238 60.9317 30.4186 0 0 0 0
-37.5952 -18.7439 61.0063 30.4512 0 0 0 0
-37.4279 -18.7638 60.7963 30.4834 0 0 0 0
-37.8497 -18.784 61.1235 30.516 0 0 0 0
-37.516 -18.8039 61.0561 30.5483 0 0 0 0
-37.533 -18.8237 61.3976 30.581 0 0 0 0
-37.6081 -18.8436 61.1932 30.6134 0 0 0 0
-37.7407 -18.8636 61.3128 30.6459 0 0 0 0
-37.9991 -18.8838 61.3697 30.6783 0 0 0 0
-38.0416 -18.904 61.5741 30.7109 0 0 0 0
-38.0491 -18.9242 61.6505 30.7435 0 0 0 0
-37.8346 -18.9441 61.7393 30.7761 0 0 0 0
-37.7659 -18.9639 61.8133 30.8088 0 0 0 0
-37.9652 -18.9838 61.6325 30.8411 0 0 0 0
-38.2343 -19.004 61.6986 30.8735 0 0 0 0
-37.9633 -19.0239 62.1187 30.9063 0 0 0 0
-38.126 -19.0439 61.8025 30.9386 0 0 0 0
-38.0094 -19.0637 62.0664 30.9712 0 0 0 0
-38.2757 -19.0838 62.0663 31.0037 0 0 0 0
-37.9907 -19.1035 62.0768 31.0361 0 0 0 0
-38.056 -19.1233 62.0653 31.0685 0 0 0 0
-38.2549 -19.1432 62.3078 31.101 0 0 0 0
-38.5372 -19.1634 62.5499 31.1337 0 0 0 0
-38.421 -19.1834 62.4712 31.1663 0 0 0 0
-38.6657 -19.2037 62.5429 31.1989 0 0 0 0
-38.3588 -19.2235 62.33 31.2312 0 0 0 0
-38.4446 -19.2435 62.4448 31.2635 0 0 0 0
-38.6928 -19.2636 62.7761 31.2962 0 0 0 0
-38.3527 -19.2833 62.8521 31.3288 0 0 0 0
-38.4433 -19.3031 62.8138 31.3613 0 0 0 0
-38.4841 -19.3229 63.0394 31.394 0 0 0 0
-38.662 -19.3429 63.03 31.4266 0 0 0 0
-38.6445 -19.3627 62.811 31.4589 0 0 0 0
-38.6719 -19.3826 62.8764 31.4913 0 0 0 0
-38.8876 -19.4026 63.1722 31.5238 0 0 0 0
-38.7716 -19.4225 63.345 31.5565 0 0 0 0
-38.727 -19.4423 63.0269 31.5888 0 0 0 0
-39.0126 -19.4624 63.3618 31.6213 0 0 0 0
-39.006 -19.4824 63.3507 31.6538 0 0 0 0
-38.9091 -19.5022 63.4794 31.6863 0 0 0 0
-39.1621 -19.5223 63.5465 31.7189 0 0 0 0
-39.1898 -19.5424 63.6949 31.7515 0 0 0 0
-39.3693 -19.5626 63.4328 31.7838 0 0 0 0
-38.9515 -19.5824 63.4722 31.8161 0 0 0 0
-39.2917 -19.6024 63.5691 31.8484 0 0 0 0
-39.3225 -19.6224 63.797 31.8808 0 0 0 0
-39.4351 -19.6426 63.8715 31.9133 0 0 0 0
-39.4975 -19.6627 63.8407 31.9457 0 0 0 0
-39.3291 -19.6826 64.2215 31.9784 0 0 0 0
-39.2505 -19.7024 64.0647 32.0109 0 0 0 0
-39.5242 -19.7225 64.021 32.0432 0 0 0 0
-39.2878 -19.7422 64.3397 32.0759 0 0 0 0
-39.6391 -19.7623 64.3965 32.1085 0 0 0 0
-39.5483 -19.7823 64.4107 32.141 0 0 0 0
-39.4429 -19.8021 64.5062 32.1736 0 0 0 0
-39.8122 -19.8222 64.2844 32.2059 0 0 0 0
-39.7042 -19.8422 64.6527 32.2386 0 0 0 0
-39.726 -19.8621 64.3676 32.2708 0 0 0 0
-39.7945 -19.8821 64.6542 32.3033 0 0 0 0
-39.6046 -19.9019 64.9348 32.336 0 0 0 0
-39.7788 -19.9218 64.6779 32.3684 0 0 0 0
-40.1182 -19.942 64.7533 32.4008 0 0 0 0
-39.9769 -19.962 64.9884 32.4333 0 0 0 0
